5. 55555555 5555555555 5555555555. A, 555555 , 55

55595 9555555555 -···.. 1555 mquam 55559555 potuit, 055555 95555 Altos, 15555, quibu 0551. 551
16545ἱ apostamia congruit, 555555 05559.,1555555555515515555555955 11, 45. 50. 52. 90. 99. ΙΠ,

5) Tandem memorandum 555, locos 9555555555 tn utroquo 1555555155 1) o 0555. huiusmodi oxoqk
proposita 555555 555 annotatt. 1, 99. coel.. 9999555595, cus. 5555155 55955595555 Ι, 60. cont
555555 9595, cass.. 9595555 Ι, tl. 0551. ructet 5555555, Cam 55955555 111‚9. Coei.. 35,

Gan. 5555555 &te - 9) 5 0551. autem 555 annotatt. 1, 49. Can. 555555 51595, cont: 1559555 1,

59. cass. 555555 55, 05555 095 ΙΠ, 33. Cam 655595, 0551. mlo: 65595 111, 00. Causa 85-
5195555, 0551. malos 5555955.

9555555955555955155555 555,
555555 9555555555 5955559551)

0515555595 951555. 55555 95559555 9599 itm 5555555, 55 55 5555555 5555555555. &a 559 59 559 555 ’555555
5555 5595959555 5559 5555555599 955 5555559555, 5551595 M 5555555555 555555 55559555, 959 555595 559 559 Ἰ
955 5555555555 5559 5595955555 555555 959555559 ²) 5555555 9595555555 555 595555 5555955555 ⁷), 5555955 559
5555955 9595555. §Det 55955 5551551 St 555555 9555555559, 5955, 95559 5595 95955 5555 55559 5555 559555 55511555,
8555555515 555 955 5595559, 355 55555955 55555 9519 05559 {taff 959 5555 955 55555555 9555515555 955 05955595, 955
5155, 5555 ³), 5555559555 5559 55555555 95955555 5555 555559 55555599 99. 59555555. ⁸) ⁸
5955555, 9555559 555 59 5195 5595, 959 5555 555555 99559555 959555 995 05955595 5955 95555555, 959 555
· 959555, 0595559 5555, 959 ⁴) 5555 5595555 5555955 55 555 955 9115555559 955 5555955555 5555959555, 9995
555559 55595 55559 55559555, 955 55 5555 55955 915555 5555555 955 5559 5559 555555, 05955595 ⁹) 555 955 9555555
555555, 155555 ⁶) 959 955 5955955 555 55595555955595955, 555 55 0555955595 559 555 555555555 55 555, 9555 955
. mutant 55955 5555 9555 5555555555 35 955 95555955 99 555595555 5555955950 555595, 5550155555 9595955 55555,
5555559 55555 515 555555 55555555 5555595555, 959 5595 515 955 559555 9155555555 55555595 5559 5555955595 959555
559555 5555 5015555555, 555955 555955 5595995559 9555 55955, 195559 55595 5559 555559 55555555 55 555,
51955 55555, 955 &te 559595 9555 555 9555 5595 995559, 559 9555 55555 959555 5555 9555559 9555955955 55559555, 959
9555 5955 5555555 95559955 955 5555555 50515555 5555955 5ι 555551 955 5595555, 5555 &e 5555 955 95955595 915955,
55555, 959 5559 9555 555 9595 5515 55555955, 55 namqu) 555 5595555595 55595555555919555 95595955, 555955 955
5595555 55559555, 3555 555955 5595555555 559 5595555 55595555559991555.10), 9559 5595555555 555 tiu 5555
55559555, 959 st. 959 55 5595 55555 5555555 5559 555, 9555 155555 955 955555, 915 9555555 5559 55555 55555 955555
5559 95555 5515 5559 5555555 5555, 5559 55555 55555 5555 959. 5515 955 955 955555 55595 0555559 5555955555, 55555
55955595, 5555555 555555 5955955 55 5559 5555 955555 55595555 55 555, 55595 5559 955 9555511955 9515555955
5559555 155555. 95555 55555 9555555595 5555, 959 5555 5995 59595555 55595 551555 01555 9599555511) 55555 55555 5555
555 5555519955 055955 559555, 055955 555 955 555 955 59555519) 55555555 559595, 0555955 9555555555 tte·
55555555 955 55555, 95555959 959 595 9155559555, &null 55511 55595 5595555 5559555555 555555, vtrum 5555555 555
915 5555595595 59555 95955555, 555 ,555559 555. 5559 555555 qualitas 55555555, vtrm 5555555555 pomi 5555555-
95555555955 tettan, 0555 559555150995595555), 559 555 dt, 555 afflatu 5555555555. - .·
05 555 59 559 555 555559555 3555555555, 959 &tc
’“““’“““““ , 055555, 955 5555555 ,959 9555559, (955 55955595 ’955595
1) {w50:fftgfflffifffflffiffibufflmgtffl 55995519) 55555.) 555 59555 55595555 55595555, 955
· 0555555555, 9555555 5555 955 5595555955 055556555οἒ5 555 ““““““”·“

.tttstttttttfftttttt tastttt 59151 .‚.........10·..1........ f

⁹) 5555 55555555] σιω.. 555 555555 5555555 (ιιι. a... ⁸) 5559555 000¹a 595955·
55555 pto. 1555555 contutant. 55555555) 9) 0595555955 05555 955 0595559

9) tter-nutet 5555559 ·- 0955199155, 5555] Coela 9955 955955 uta 10) 9155155 cm. 555555 15 05595 Ruti!

..5995555555955555 ¹¹³ m...] ⁰0¹· 59· ’ ’

555 55 55555 555555, ιιι 55 55555 5ιι 555555, ιιιιιιι ’ ¹²) 5555 ’5519951505ξὶἩῇ ⁰'⁰t¹·⁵ sstf‘fflmgtfi
Μ’ · ’ 002⁸1'0n22‘f'mm'tm'1fffflussw m, 5.

⁴) 99] 0095 95 L . , 55. ιιιιιι 555 555555 ει. tm, ςιιιιιι ...mse 5555559
5) 599950] 0091.) 59995551 -, , ‚ toy-'a prior, 5555 5555595559559515555555955555.

0) 55559555105555 5555595555, . 19) 955] 05515 95555 ,.
ἰωπιοηινοωινιι ’ · ²¹

 

