931 111111111111111111111111101111111111111111111101111 · 111

111111 1111111111 ’111ᾎῖ1 11111111 1111111. 111111111111111111 311111 1111111111111 11111 1111111111111111111111111
Ι11111111,1111’11ξ1111111111111 11111111,11111111 111111 11111111. 1111111 11 1111 111 11111 111 1111 ,11111111 111
Ι,111 ,1111111 1111 1111111, 11111 1111111 111 1111111. 1111111111111111111 6111111 1111111111. eo 1111 nio· ’

,. 1111111111 111111 111 memet, 111 11111111 1111111111111111111111 1111111111111111
11111111 111111 111 1111 1111111111 1111111111,111·1111111 11111111111111111111111111111111111111111111111

Ι1 1 ι, b Ε ⁶7⁸„ Ἠ Η 11111111 1111111111111111111111111 11111111. mae 1111 aba
1111111111 1111113111 3333 33 33333333 333 3333 ,ἃ
1111111111111111111111111111ᾧ11111111811111111111111111 111ἧῐ1 11111 11111 111111 1111 1ξῖ11ιῄ1111111111 111111111ἔ1111
3333333333333333 3 111111 1111111111,11111111
3333 3333 3333333333 11111111111111111111111
333333 33333333333, 1111111111 1111111111111111111111111,

1111111 11111 1111111 11111111, 111 111 11111 11111111 1111 1111 111 11111111 1111 1111111 1111111111 1111111111
1111111 111111111111111. 3111 111 111111 111 111 11111, bam 111 111111.

11111111 11 111111 1111111, 111 1111111111, 1111111111 11ξὲ mamaeam, 111 111111111111ῶ111111011111’
boo omnes, 1111 111 11 3¹¹ 111 1111111111 111111 111 11111111 1111 111 111111111111111111111

1111111111 111111· 1111111111 1111111111111111111111 111111111111111111111111911111111111111111111

11111,,11111111111111111 111111 »1 1111 »ab

1111111111 1111111111,1111111111 1111111 111 11111 11111111 mmm
111 6111111111 1111111311 111111. &a 11111111 11111111, ·

111111111111111111111111 1111 1111 11111111
111111 111 1111111111 1111111. 1111111 111111 11111

mna, ,η Μ im mmm 1111111111111111511111111111111 11111111 gangen. 311111

1111111 1111111111 11 111 11111111 111 11 11111111 11111, 1111111111

111 &mmo 3⁰ 11111111 symm 1111111111 ”W 111111 111111 11111111111111111 1111111 111. 11111 1111 1111111

111 111, 333 1 333333 3: 11111 ,111111111111111111,11
111111111111111111111111111111· 1111 8111111, 111111 1111111111, 111111111111. Ut 111111

ῧ11 1111 1111 1111111 1111111 11111111 111 1111 0· 111111 1111111111, 111111, 11 111111 111111 1111111, 111111
0111111111 11111111 1111111, 11 1111111 9111 111 111111111111111111111111111111111111, 11111111 11111
1111111111 1111 1111 111111 1111111 11111111 ι111111111 1111 1111111111111111111111111111111111111111111 11111 111111
mm mim, 01⁸ mmm), ‘wo 0⁶ mm Wffiflt Μ’ bm stub- Εο bssb ὠ stud) nm stat mu mmmm
111111111111111111111111111111111111 1111111111 (111111 11111 bn Mn 111, ·

11 1111111111 11111111, 11111111 111 111 9111111111 1111 111111 mom 1111 annosum 11111111 8111111 11111111 111 ,
1111111111 11111111 111 1111111, 1111111111 11 111 ,1111111 111111111111 11111111111111111111 1111 111 1111111 111
11111111 11111111 1111111 111 111 &onmem 11111,«111111111111111111111111111111 „
111111 111111111111111,1111111111 111111 1111· 111111111111111111 111, 11 «umes 1111111111
1111’1111111111111,1111 111111 1111111 1111111 111 1111 111111 338¹*ssoe mun„ gamm mm, „nb ρ, 3, 111, m
111. 111(111111111111111111111911111111111111111 111 mmm, mm, ,Μ [Μ mm, 50 ,0 m, m
11111 Ὀ11111 mmmm m· αἰψ’ 110 Restm, 811ῐῇ111 ”nb §Cum ba mmm οη nst {m Μοιχῷ emm· mem!
germ· 61 11 111 11111111 11111111 1111111 1111111111,11111111111 111 sacrament 1111111

1111 11111111 111111 11111· §acuam 111111 111 11111111, 1111111111 111111 1111 11111. 111
111111 11 momen, 111 111111111111111111111 ¹¹¹ 11 11111111, 111111 111 anm 111111 11111111 111 1111
111 ,um 11111111 111 1111111111· 1111111111, 111 vta, 11111111 11111111 111111, 111
’ 1111111 1111111, 311 11111111 1111111113111 unget 11111 31111111. 311111 111111 11111 111111, 1111111111 11111
11111111, 1111 11111 1111111111 111111111111111111111 11111, 11111111 11111, 111 1111111 111111, 11111111 1111 1111111 111111
1111111111111,111111111111111 111 111111, 1111111 11111111 11111111111111, 11 111111111111111111111·, 1111 1111111
1111 111111 1111111111, 11 1111111111 1111111, 1111111 11 111111 111111 111, 11 1111 1111111111 11111 1111 11111111 11111111, 611111
111 6111111111 1111111111, 1111111111 1111111111, 1111 1111111111111111111113111111111111111111111,111
&edm 11 11111 1111111111 1111111. 31111 111 1111111 1111 11111111111111111111111. 1111111111Ε11111111, Vnus
111111 111 ’.1111111111 11111111 1111111111 11111111, §Dum 111 1111111111111111111111111111111,ξ111111 melius est nu·
13111111 111 1111 11111111 11111111 111 1111111111 11111111, 1111111111,111111111111111111 1111111111 1111111111,
Ε11111111111111111111111111,11111111111ᾧ11111111 111111 111111 1111 1111111, 111111 ’1111111111 1111111 11111111-
1111111111,11111111. 1 ··· 111111111111 1111111111, 11111111 1111111111, 111

 

